STATEFP,COUNTYFP,TRACTCE,BLKGRPCE,POPULATION,LATITUDE,LONGITUDE
01,001,020100,1,698,+32.464812,-086.486527
01,001,020100,2,1214,+32.482391,-086.486912
01,001,020200,1,1003,+32.478035,-086.474786
01,001,020200,2,1167,+32.466372,-086.471060
01,001,020300,1,2549,+32.476828,-086.460326
01,001,020300,2,824,+32.465297,-086.457514
01,001,020400,1,944,+32.478063,-086.447461
01,001,020400,2,1937,+32.470177,-086.440365
01,001,020400,3,935,+32.463380,-086.444121
01,001,020400,4,570,+32.456784,-086.442892
01,001,020500,1,1737,+32.451871,-086.421211
01,001,020500,2,7023,+32.472481,-086.422320
01,001,020500,3,2006,+32.451946,-086.430664
01,001,020600,1,2423,+32.446380,-086.474035
01,001,020600,2,1245,+32.435125,-086.484565
01,001,020700,1,1784,+32.441378,-086.447168
01,001,020700,2,1107,+32.449472,-086.448555
01,001,020801,1,875,+32.412788,-086.517274
01,001,020801,2,2206,+32.455663,-086.524615
01,001,020802,1,2845,+32.529334,-086.554445
01,001,020802,2,3271,+32.500634,-086.451137
01,001,020802,3,1664,+32.546290,-086.483549
01,001,020802,4,2655,+32.552816,-086.435640
01,001,020900,1,1272,+32.632962,-086.589709
01,001,020900,2,1491,+32.618177,-086.515758
01,001,020900,3,1324,+32.681555,-086.465778
01,001,020900,4,1588,+32.612734,-086.458271
01,001,021000,1,908,+32.602335,-086.836447
01,001,021000,2,1986,+32.610767,-086.679749
01,001,021100,1,1944,+32.478553,-086.662602
01,001,021100,2,605,+32.497436,-086.810908
01,001,021100,3,771,+32.415521,-086.693180
01,003,010100,1,565,+31.188370,-087.800313
01,003,010100,2,1833,+31.008842,-087.836215
01,003,010100,3,1406,+31.063131,-087.682313
01,003,010200,1,1749,+30.964756,-087.701854
01,003,010200,2,1153,+30.919270,-087.661365
01,003,010300,1,3008,+30.824625,-087.800098
01,003,010300,2,3077,+30.755187,-087.877384
01,003,010300,3,1741,+30.874070,-087.844557
01,003,010400,1,784,+30.666098,-087.532226
01,003,010400,2,1361,+30.676903,-087.701410
01,003,010400,3,2591,+30.808413,-087.744070
01,003,010500,1,1436,+30.882310,-087.781135
01,003,010500,2,1026,+30.896330,-087.785378
01,003,010500,3,1420,+30.903313,-087.773198
01,003,010500,4,933,+30.886221,-087.767780
01,003,010600,1,819,+30.869295,-087.785773
01,003,010600,2,858,+30.875117,-087.774990
01,003,010600,3,1648,+30.846146,-087.765410
01,003,010701,1,3314,+30.680947,-087.908424
01,003,010701,2,2458,+30.668564,-087.872449
01,003,010701,3,1295,+30.681580,-087.885777
01,003,010701,4,815,+30.667793,-087.908392
01,003,010703,1,6422,+30.589992,-087.852824
01,003,010703,2,6744,+30.662423,-087.835966
01,003,010704,1,2652,+30.649065,-087.886545
01,003,010704,2,2403,+30.639401,-087.876685
01,003,010705,1,4344,+30.626624,-087.888460
01,003,010705,2,1851,+30.645545,-087.902855
01,003,010705,3,2136,+30.638845,-087.900093
01,003,010800,1,1702,+30.604787,-087.896145
01,003,010800,2,2697,+30.598613,-087.908299
01,003,010800,3,2462,+30.584469,-087.889935
01,003,010903,1,1380,+30.626714,-087.775034
01,003,010903,2,1746,+30.597151,-087.744273
01,003,010903,3,2047,+30.597772,-087.772195
01,003,010904,1,2626,+30.574327,-087.618915
01,003,010904,2,1901,+30.516472,-087.495076
01,003,010904,3,2304,+30.619592,-087.704226
01,003,010905,1,3396,+30.535593,-087.774319
01,003,010905,2,2903,+30.541046,-087.718272
01,003,010905,3,1712,+30.564010,-087.727107
01,003,010906,1,1674,+30.573943,-087.697938
01,003,010906,2,1577,+30.559314,-087.697445
01,003,010906,3,1051,+30.545557,-087.681738
01,003,011000,1,2038,+30.478908,-087.762042
01,003,011000,2,2267,+30.499988,-087.651009
01,003,011101,1,2512,+30.533355,-087.847875
01,003,011101,2,1906,+30.513567,-087.837116
01,003,011101,3,3979,+30.513038,-087.872447
01,003,011102,1,2112,+30.465092,-087.842943
01,003,011102,2,1603,+30.490811,-087.854977
01,003,011201,1,2461,+30.538842,-087.889866
01,003,011201,2,1769,+30.528129,-087.894589
01,003,011202,1,1259,+30.502607,-087.897496
01,003,011202,2,1448,+30.508702,-087.913936
01,003,011202,3,1733,+30.517522,-087.899349
01,003,011202,4,625,+30.519904,-087.908549
01,003,011300,1,891,+30.479272,-087.915344
01,003,011300,2,1484,+30.403420,-087.858050
01,003,011300,3,1031,+30.434335,-087.842721
01,003,011300,4,1081,+30.446058,-087.894776
01,003,011401,1,3030,+30.420478,-087.741281
01,003,011401,2,925,+30.402795,-087.765789
01,003,011401,3,1675,+30.387732,-087.761740
01,003,011401,4,3144,+30.338606,-087.751910
01,003,011401,5,1858,+30.434277,-087.799234
01,003,011403,1,2767,+30.308764,-087.702145
01,003,011403,2,2762,+30.301651,-087.667441
01,003,011403,3,3602,+30.341379,-087.669794
01,003,011405,1,2331,+30.297380,-087.549248
01,003,011405,2,1501,+30.286953,-087.526198
01,003,011406,1,1239,+30.275641,-087.677193
01,003,011406,2,426,+30.259548,-087.640244
01,003,011406,3,1747,+30.289335,-087.606656
01,003,011407,1,1551,+30.257781,-087.745576
01,003,011407,2,1283,+30.251307,-087.717333
01,003,011407,3,1965,+30.270852,-087.700257
01,003,011408,1,433,+30.235377,-087.903638
01,003,011501,1,2346,+30.432378,-087.687930
01,003,011501,2,974,+30.412460,-087.696988
01,003,011501,3,1996,+30.423735,-087.688253
01,003,011502,1,4240,+30.377761,-087.690105
01,003,011502,2,1323,+30.403423,-087.691756
01,003,011502,3,2753,+30.399684,-087.660661
01,003,011502,4,2218,+30.369044,-087.642130
01,003,011601,1,1732,+30.444344,-087.566948
01,003,011601,2,2171,+30.397320,-087.591623
01,003,011601,3,703,+30.379348,-087.523492
01,003,011601,4,1456,+30.357445,-087.590162
01,003,011602,1,1426,+30.401674,-087.454915
01,003,011602,2,1160,+30.434068,-087.444727
01,003,011602,3,818,+30.360674,-087.498658
01,003,011602,4,1491,+30.381514,-087.467178
01,003,990000,0,0,+30.328802,-087.882974
01,005,950100,1,471,+32.071754,-085.314513
01,005,950100,2,1253,+32.000196,-085.137527
01,005,950100,3,1597,+31.922735,-085.137373
01,005,950200,1,828,+31.887796,-085.428673
01,005,950200,2,2321,+31.897476,-085.502671
01,005,950200,3,1115,+31.858596,-085.431860
01,005,950300,1,834,+31.779825,-085.526912
01,005,950300,2,804,+31.802986,-085.593135
01,005,950400,1,799,+31.676258,-085.496043
01,005,950400,2,2267,+31.679314,-085.590967
01,005,950400,3,1237,+31.698920,-085.643461
01,005,950500,1,1212,+31.783695,-085.169595
01,005,950500,2,1119,+31.786543,-085.304608
01,005,950500,3,1136,+31.788060,-085.208543
01,005,950600,1,659,+31.881220,-085.150881
01,005,950600,2,1440,+31.868649,-085.220723
01,005,950700,1,727,+31.903381,-085.181898
01,005,950700,2,1000,+31.886649,-085.156118
01,005,950800,1,799,+31.904453,-085.152528
01,005,950800,2,1256,+31.899660,-085.160713
01,005,950900,1,1556,+31.850274,-085.170804
01,005,950900,2,1985,+31.870680,-085.148057
01,005,950900,3,1042,+31.885365,-085.140186
01,007,010001,1,1825,+33.117250,-087.197606
01,007,010001,2,907,+33.073327,-087.142741
01,007,010002,1,2504,+33.149768,-087.135147
01,007,010002,2,1739,+33.200198,-087.073163
01,007,010002,3,1782,+33.213304,-087.146110
01,007,010003,1,885,+32.959768,-087.075294
01,007,010003,2,975,+32.912936,-087.092138
01,007,010003,3,1828,+33.020682,-087.014931
01,007,010003,4,1703,+32.945004,-086.934890
01,007,010004,1,879,+32.997195,-087.246493
01,007,010004,2,1268,+32.958464,-087.185769
01,007,010004,3,904,+32.910887,-087.267650
01,007,010004,4,3120,+32.924605,-087.167351
01,007,010004,5,1153,+32.940680,-087.169453
01,007,010004,6,1443,+32.958737,-087.155641
01,009,050101,1,1308,+33.934471,-086.481679
01,009,050101,2,1726,+33.933103,-086.464572
01,009,050101,3,1780,+33.903668,-086.396254
01,009,050101,4,1269,+33.878328,-086.427773
01,009,050101,5,1775,+33.865714,-086.505288
01,009,050102,1,1342,+33.947913,-086.456801
01,009,050102,2,2390,+33.961384,-086.415139
01,009,050102,3,1338,+33.970520,-086.470051
01,009,050102,4,1980,+33.933496,-086.529313
01,009,050200,1,1851,+34.016598,-086.514553
01,009,050200,2,1938,+33.972275,-086.585814
01,009,050300,1,1442,+34.131532,-086.369868
01,009,050300,2,1179,+34.078092,-086.385615
01,009,050300,3,1335,+34.091008,-086.432063
01,009,050300,4,1313,+34.034837,-086.405865
01,009,050400,1,781,+34.173469,-086.428839
01,009,050400,2,1627,+34.210965,-086.505564
01,009,050400,3,1073,+34.137198,-086.544400
01,009,050400,4,970,+34.113609,-086.475527
01,009,050500,1,1072,+34.075069,-086.554275
01,009,050500,2,1403,+34.088264,-086.616244
01,009,050500,3,1689,+34.052993,-086.599190
01,009,050500,4,868,+34.009497,-086.710108
01,009,050500,5,2297,+33.975734,-086.663163
01,009,050601,1,3035,+33.861008,-086.901466
01,009,050601,2,887,+33.875666,-086.854935
01,009,050602,1,986,+33.939818,-086.738463
01,009,050602,2,2526,+33.859607,-086.776403
01,009,050602,3,909,+33.886242,-086.786907
01,009,050602,4,2593,+33.890054,-086.826552
01,009,050602,5,1909,+33.896742,-086.736571
01,009,050700,1,3122,+33.878575,-086.666176
01,009,050700,2,2229,+33.839319,-086.650442
01,009,050700,3,2094,+33.791602,-086.609859
01,009,050700,4,1286,+33.867890,-086.612378
01,011,952100,1,1434,+32.093127,-085.527085
01,011,952200,1,2928,+32.152549,-085.685223
01,011,952200,2,1490,+32.129063,-085.691961
01,011,952200,3,2684,+32.133479,-085.731690
01,011,952500,1,750,+32.159072,-085.907103
01,011,952500,2,809,+31.984760,-085.698657
01,011,952500,3,819,+32.038886,-085.793998
01,013,952700,1,1697,+31.867963,-086.624342
01,013,952700,2,742,+31.874698,-086.570953
01,013,952800,1,1394,+31.836680,-086.630574
01,013,952900,1,798,+31.857700,-086.677375
01,013,952900,2,1382,+31.826718,-086.643238
01,013,953000,1,729,+31.892989,-086.770906
01,013,953000,2,740,+31.819193,-086.781449
01,013,953100,1,1284,+31.822449,-086.620512
01,013,953100,2,983,+31.814010,-086.626610
01,013,953100,3,756,+31.794963,-086.649240
01,013,953200,1,601,+31.894745,-086.489939
01,013,953200,2,1212,+31.829413,-086.610964
01,013,953200,3,1700,+31.787531,-086.525962
01,013,953200,4,814,+31.718693,-086.577974
01,013,953300,1,1002,+31.696109,-086.673712
01,013,953300,2,772,+31.738699,-086.784209
01,013,953400,1,1619,+31.637879,-086.733015
01,013,953400,2,1312,+31.613642,-086.791326
01,013,953500,1,1410,+31.568271,-086.672824
01,015,000200,1,1226,+33.672729,-085.820339
01,015,000200,2,1878,+33.663141,-085.815585
01,015,000300,1,1269,+33.672246,-085.830135
01,015,000300,2,1682,+33.680134,-085.833707
01,015,000400,1,1091,+33.675641,-085.864683
01,015,000400,2,643,+33.685901,-085.847478
01,015,000400,3,1078,+33.671242,-085.853090
01,015,000500,1,880,+33.662037,-085.848005
01,015,000500,2,934,+33.663684,-085.839381
01,015,000600,1,1473,+33.648120,-085.835953
01,015,000600,2,718,+33.628202,-085.836196
01,015,000700,1,768,+33.735576,-085.805727
01,015,000700,2,1312,+33.710689,-085.822326
01,015,000700,3,635,+33.718111,-085.808451
01,015,000800,1,1379,+33.648795,-085.824029
01,015,000900,1,833,+33.651367,-085.781893
01,015,000900,2,1458,+33.650279,-085.813861
01,015,000900,3,1071,+33.638585,-085.802706
01,015,001000,1,1662,+33.635749,-085.765491
01,015,001000,2,1535,+33.628928,-085.777829
01,015,001000,3,999,+33.635075,-085.796365
01,015,001000,4,1596,+33.625175,-085.810102
01,015,001100,1,1854,+33.613829,-085.796962
01,015,001100,2,2518,+33.593763,-085.801478
01,015,001100,3,1121,+33.595639,-085.841307
01,015,001100,4,1072,+33.591844,-085.766536
01,015,001201,1,2009,+33.609655,-085.852312
01,015,001201,2,1473,+33.614403,-085.834649
01,015,001202,1,1491,+33.599310,-085.889997
01,015,001202,2,1038,+33.594884,-085.862979
01,015,001202,3,1789,+33.590889,-085.891089
01,015,001300,1,1272,+33.641292,-085.870722
01,015,001300,2,939,+33.649615,-085.873032
01,015,001400,1,806,+33.671258,-085.877348
01,015,001400,2,926,+33.657735,-085.915190
01,015,001400,3,1169,+33.645957,-085.895991
01,015,001400,4,830,+33.662878,-085.890326
01,015,001500,1,1852,+33.606465,-085.960360
01,015,001500,2,2099,+33.601691,-085.970918
01,015,001500,3,1247,+33.624813,-085.917121
01,015,001600,1,733,+33.713108,-085.864928
01,015,001600,2,1156,+33.704033,-085.845644
01,015,001600,3,1009,+33.697837,-085.836395
01,015,001600,4,893,+33.694688,-085.852213
01,015,001700,1,1924,+33.730604,-085.837602
01,015,001700,2,2160,+33.727028,-085.855573
01,015,001700,3,1475,+33.715151,-085.835982
01,015,001700,4,770,+33.714011,-085.826466
01,015,001800,1,1232,+33.756563,-085.763091
01,015,001800,2,1363,+33.755926,-085.800747
01,015,001800,3,1365,+33.771643,-085.810950
01,015,001800,4,1129,+33.759115,-085.835367
01,015,001800,5,855,+33.749040,-085.833969
01,015,001800,6,975,+33.752674,-085.819308
01,015,002000,1,2148,+33.678200,-085.713874
01,015,002000,2,1234,+33.766199,-085.663772
01,015,002000,3,1497,+33.634099,-085.703309
01,015,002000,4,1149,+33.768156,-085.697506
01,015,002000,5,1307,+33.641685,-085.724738
01,015,002101,1,1451,+33.823896,-085.766932
01,015,002101,2,2541,+33.824550,-085.773171
01,015,002102,1,1284,+33.829163,-085.747704
01,015,002102,2,1261,+33.817294,-085.755584
01,015,002102,3,866,+33.827327,-085.752417
01,015,002103,1,1714,+33.802373,-085.748053
01,015,002103,2,2921,+33.800826,-085.768785
01,015,002103,3,2166,+33.792299,-085.765444
01,015,002200,1,1114,+33.907311,-085.583688
01,015,002200,2,1138,+33.900800,-085.634710
01,015,002200,3,723,+33.918732,-085.608781
01,015,002200,4,677,+33.921471,-085.599354
01,015,002300,1,1268,+33.934632,-085.675818
01,015,002300,2,760,+33.929129,-085.624956
01,015,002300,3,1106,+33.940442,-085.604063
01,015,002300,4,709,+33.928541,-085.608696
01,015,002400,1,2482,+33.889420,-085.761591
01,015,002400,2,2036,+33.827317,-085.818825
01,015,002501,1,855,+33.787632,-085.952135
01,015,002501,2,1614,+33.799688,-085.891654
01,015,002501,3,2960,+33.769281,-085.867397
01,015,002501,4,1640,+33.760384,-085.908161
01,015,002502,1,1050,+33.875507,-085.943281
01,015,002502,2,944,+33.848425,-085.868735
01,015,002502,3,2086,+33.907465,-085.863075
01,015,002502,4,581,+33.831866,-085.915649
01,015,002600,1,2095,+33.737348,-086.043969
01,015,002600,2,1605,+33.829754,-086.021869
01,015,002600,3,915,+33.783386,-086.015492
01,015,981901,1,6,+33.621536,-085.936196
01,015,981902,1,5,+33.720797,-085.988224
01,015,981903,1,0,+33.706896,-085.750320
01,017,953800,1,1409,+33.047080,-085.262781
01,017,953800,2,1540,+33.051985,-085.471797
01,017,953800,3,670,+33.011433,-085.353507
01,017,953900,1,862,+32.917893,-085.231519
01,017,953900,2,538,+32.879663,-085.193119
01,017,953900,3,808,+32.876338,-085.205714
01,017,953900,4,692,+32.871306,-085.195765
01,017,954000,1,1094,+32.894544,-085.524158
01,017,954000,2,1018,+32.930411,-085.387914
01,017,954000,3,986,+32.915173,-085.410245
01,017,954000,4,1326,+32.892474,-085.416522
01,017,954000,5,1003,+32.873740,-085.393764
01,017,954000,6,1242,+32.786708,-085.494222
01,017,954200,1,1185,+32.860593,-085.251519
01,017,954200,2,617,+32.835594,-085.228138
01,017,954200,3,1455,+32.834195,-085.250533
01,017,954300,1,949,+32.818943,-085.193239
01,017,954300,2,904,+32.806977,-085.190579
01,017,954300,3,605,+32.795876,-085.192536
01,017,954300,4,1303,+32.765284,-085.225036
01,017,954300,5,947,+32.782104,-085.283959
01,017,954400,1,995,+32.846593,-085.202059
01,017,954500,1,1142,+32.862248,-085.205031
01,017,954500,2,1069,+32.865936,-085.194321
01,017,954500,3,830,+32.858890,-085.192944
01,017,954500,4,763,+32.846961,-085.215134
01,017,954600,1,899,+32.848963,-085.172307
01,017,954600,2,1221,+32.840513,-085.179009
01,017,954600,3,1291,+32.821821,-085.173278
01,017,954700,1,1300,+32.798453,-085.174052
01,017,954700,2,1563,+32.777324,-085.153477
01,017,954700,3,900,+32.789861,-085.183985
01,017,954700,4,1089,+32.757669,-085.195094
01,019,955701,1,1168,+34.226373,-085.598561
01,019,955701,2,1346,+34.220656,-085.564097
01,019,955701,3,818,+34.231819,-085.497025
01,019,955702,1,1743,+34.395516,-085.545335
01,019,955702,2,2129,+34.283104,-085.596868
01,019,955800,1,1590,+34.225343,-085.718026
01,019,955800,2,1515,+34.239387,-085.751533
01,019,955800,3,1419,+34.203067,-085.805486
01,019,955800,4,1037,+34.148386,-085.783523
01,019,955900,1,2015,+34.129498,-085.660944
01,019,955900,2,894,+34.088053,-085.705699
01,019,955900,3,1326,+34.006305,-085.645983
01,019,956000,1,1330,+34.160770,-085.628398
01,019,956000,2,778,+34.152506,-085.656684
01,019,956000,3,1909,+34.171326,-085.689240
01,019,956100,1,734,+34.161027,-085.560180
01,019,956100,2,1109,+34.144249,-085.476474
01,019,956100,3,1963,+34.026877,-085.492826
01,019,956100,4,1166,+34.099535,-085.550242
01,021,060101,1,864,+32.834659,-086.646291
01,021,060101,2,1012,+32.821345,-086.623926
01,021,060101,3,1620,+32.813861,-086.658324
01,021,060101,4,1723,+32.826865,-086.606940
01,021,060102,1,1066,+32.840653,-086.669625
01,021,060102,2,1472,+32.859453,-086.645873
01,021,060102,3,948,+32.851188,-086.628570
01,021,060102,4,705,+32.855561,-086.615551
01,021,060102,5,2112,+32.876240,-086.655242
01,021,060200,1,1585,+32.859907,-086.588110
01,021,060200,2,1222,+32.851315,-086.530960
01,021,060300,1,1996,+32.973745,-086.653169
01,021,060300,2,1812,+32.954511,-086.577166
01,021,060401,1,2029,+32.938603,-086.714318
01,021,060401,2,1361,+32.934224,-086.748426
01,021,060401,3,2076,+32.911548,-086.719720
01,021,060402,1,1642,+32.995501,-086.733287
01,021,060402,2,1674,+32.975653,-086.791735
01,021,060402,3,1943,+33.033002,-086.840871
01,021,060402,4,1933,+33.039958,-086.785975
01,021,060402,5,1584,+32.936406,-086.812724
01,021,060500,1,680,+32.842020,-086.841825
01,021,060500,2,1041,+32.732780,-086.855171
01,021,060500,3,1181,+32.772851,-086.910556
01,021,060600,1,1888,+32.745670,-086.731806
01,021,060600,2,1373,+32.837159,-086.745516
01,021,060700,1,938,+32.801011,-086.503942
01,021,060700,2,1367,+32.729435,-086.594745
01,021,060700,3,1196,+32.733520,-086.490974
01,021,060700,4,1600,+32.773106,-086.589400
01,023,956700,1,910,+32.189411,-088.285820
01,023,956700,2,595,+32.271271,-088.292027
01,023,956700,3,509,+32.227338,-088.378294
01,023,956700,4,1170,+32.227718,-088.094733
01,023,956800,1,538,+32.129035,-088.115763
01,023,956800,2,1335,+32.111968,-088.255462
01,023,956800,3,540,+32.084887,-088.250949
01,023,956800,4,630,+31.983925,-088.202150
01,023,956800,5,1380,+32.085456,-088.198168
01,023,956900,1,506,+31.952343,-088.272592
01,023,956900,2,1440,+31.975312,-088.351905
01,023,956900,3,648,+31.884171,-088.391315
01,023,956900,4,1285,+31.869181,-088.277802
01,023,957000,1,1331,+31.774309,-088.263898
01,023,957000,2,1042,+31.754611,-088.361584
01,025,957500,1,977,+31.792557,-087.692102
01,025,957500,2,783,+31.795316,-087.756715
01,025,957601,1,998,+31.922095,-087.882812
01,025,957602,1,704,+31.941170,-087.720170
01,025,957602,2,1026,+31.928173,-087.747961
01,025,957602,3,877,+31.886357,-087.719772
01,025,957602,4,1496,+31.884894,-087.755685
01,025,957602,5,1412,+31.901088,-087.734199
01,025,957700,1,668,+31.754807,-088.051357
01,025,957700,2,661,+31.854881,-088.078188
01,025,957800,1,560,+31.730512,-087.824077
01,025,957800,2,1530,+31.701124,-087.755309
01,025,957800,3,665,+31.670663,-087.629775
01,025,957800,4,528,+31.517819,-087.641713
01,025,957800,5,1124,+31.636693,-087.755079
01,025,957800,6,1081,+31.673765,-087.816017
01,025,957901,1,939,+31.645018,-087.953912
01,025,957901,2,2554,+31.556740,-087.906243
01,025,957902,1,768,+31.557050,-087.866863
01,025,957902,2,1045,+31.525151,-087.886631
01,025,957902,3,995,+31.514558,-087.897762
01,025,957902,4,1422,+31.501817,-087.889616
01,025,958001,1,1289,+31.542715,-087.797788
01,025,958002,1,1731,+31.441264,-087.772891
01,027,958900,1,1679,+33.416513,-085.748481
01,027,958900,2,1146,+33.343278,-085.714393
01,027,958900,3,1554,+33.305859,-085.730053
01,027,958900,4,945,+33.315632,-085.764199
01,027,959000,1,1321,+33.288216,-085.821432
01,027,959000,2,1192,+33.291672,-085.874271
01,027,959000,3,711,+33.264833,-085.849421
01,027,959100,1,902,+33.234047,-085.721489
01,027,959100,2,1318,+33.197326,-085.833392
01,027,959100,3,684,+33.161043,-085.745415
01,027,959200,1,791,+33.218721,-085.934793
01,027,959200,2,614,+33.142296,-085.970029
01,027,959200,3,1075,+33.158627,-086.087667
01,029,959500,1,1016,+33.848915,-085.461780
01,029,959500,2,1668,+33.759111,-085.417002
01,029,959600,1,1348,+33.673366,-085.537614
01,029,959600,2,1336,+33.644241,-085.570744
01,029,959600,3,1518,+33.637704,-085.599881
01,029,959700,1,1438,+33.593339,-085.565080
01,029,959700,2,725,+33.517397,-085.583636
01,029,959700,3,1256,+33.543364,-085.668634
01,029,959800,1,1704,+33.630067,-085.381716
01,029,959800,2,1141,+33.519938,-085.329632
01,029,959800,3,1822,+33.541223,-085.403998
01,031,010100,1,743,+31.513032,-086.065963
01,031,010100,2,1314,+31.580180,-086.012953
01,031,010200,1,1070,+31.575201,-085.859029
01,031,010200,2,771,+31.540157,-085.928502
01,031,010300,1,2486,+31.426162,-085.878207
01,031,010300,2,1772,+31.353820,-085.937983
01,031,010400,1,1155,+31.363934,-086.033196
01,031,010400,2,997,+31.439288,-086.026781
01,031,010500,1,1303,+31.395403,-086.100934
01,031,010500,2,945,+31.418600,-086.078589
01,031,010500,3,685,+31.436713,-086.155807
01,031,010500,4,960,+31.435420,-086.090238
01,031,010500,5,665,+31.445031,-086.080321
01,031,010600,1,750,+31.219852,-086.169923
01,031,010600,2,811,+31.304355,-086.151463
01,031,010700,1,2286,+31.267832,-086.002082
01,031,010800,1,1819,+31.248022,-085.827245
01,031,010800,2,1021,+31.233332,-085.910932
01,031,010900,1,1337,+31.303775,-085.856397
01,031,010900,2,780,+31.295291,-085.872945
01,031,011000,1,1707,+31.329002,-085.883641
01,031,011000,2,1819,+31.312086,-085.878025
01,031,011100,1,2026,+31.326636,-085.851701
01,031,011201,1,1674,+31.339861,-085.849001
01,031,011201,2,3260,+31.358566,-085.832012
01,031,011201,3,3102,+31.354934,-085.849539
01,031,011202,1,1310,+31.323990,-085.818797
01,031,011202,2,3175,+31.324321,-085.803085
01,031,011202,3,2076,+31.328244,-085.825016
01,031,011202,4,1969,+31.337368,-085.807669
01,031,011300,1,1497,+31.304726,-085.820649
01,031,011300,2,1589,+31.303136,-085.842568
01,031,011300,3,1074,+31.318120,-085.841223
01,033,020100,1,897,+34.769237,-087.686911
01,033,020100,2,739,+34.763285,-087.675707
01,033,020100,3,781,+34.763574,-087.687988
01,033,020100,4,1050,+34.772182,-087.677966
01,033,020200,1,1043,+34.766479,-087.695694
01,033,020200,2,914,+34.766181,-087.702328
01,033,020300,1,523,+34.748196,-087.691153
01,033,020300,2,660,+34.750856,-087.695640
01,033,020300,3,849,+34.752251,-087.706973
01,033,020400,1,915,+34.734881,-087.728057
01,033,020400,2,615,+34.745575,-087.718912
01,033,020500,1,1013,+34.742071,-087.705609
01,033,020500,2,1622,+34.716242,-087.717283
01,033,020500,3,860,+34.734102,-087.705240
01,033,020500,4,1726,+34.727226,-087.730957
01,033,020600,1,865,+34.738474,-087.686167
01,033,020600,2,999,+34.716778,-087.690512
01,033,020600,3,1118,+34.731936,-087.693601
01,033,020600,4,1146,+34.725407,-087.684596
01,033,020701,1,1388,+34.781852,-087.606370
01,033,020701,2,2879,+34.726461,-087.638799
01,033,020701,3,1836,+34.680420,-087.625909
01,033,020703,1,1897,+34.738752,-087.641113
01,033,020703,2,2652,+34.752651,-087.643370
01,033,020703,3,626,+34.748856,-087.653342
01,033,020704,1,730,+34.738503,-087.672609
01,033,020704,2,1197,+34.737566,-087.660723
01,033,020704,3,1140,+34.753151,-087.673402
01,033,020704,4,1254,+34.752245,-087.661282
01,033,020801,1,765,+34.759030,-087.553092
01,033,020801,2,1874,+34.758368,-087.490416
01,033,020801,3,1848,+34.797478,-087.515359
01,033,020802,1,750,+34.594665,-087.584473
01,033,020802,2,1366,+34.629862,-087.558643
01,033,020802,3,1650,+34.690707,-087.527975
01,033,020901,1,1390,+34.596023,-087.663063
01,033,020901,2,1416,+34.659408,-087.687170
01,033,020901,3,1521,+34.609730,-087.714752
01,033,020902,1,774,+34.687603,-087.866920
01,033,020902,2,1161,+34.663445,-087.744417
01,033,020902,3,1208,+34.687961,-087.803043
01,033,020902,4,829,+34.670000,-087.777311
01,033,021000,1,1258,+34.763398,-088.059527
01,033,021000,2,866,+34.767006,-087.956328
01,033,021000,3,531,+34.757515,-087.971288
01,033,021000,4,1287,+34.705101,-087.951576
01,035,960200,1,603,+31.556651,-087.095567
01,035,960200,2,1205,+31.571022,-086.966246
01,035,960300,1,692,+31.432858,-087.201325
01,035,960300,2,1039,+31.338505,-087.233640
01,035,960400,1,1104,+31.410416,-087.084044
01,035,960400,2,872,+31.318111,-086.971311
01,035,960400,3,1275,+31.307299,-087.064141
01,035,960500,1,912,+31.460135,-086.980733
01,035,960500,2,859,+31.438493,-086.960519
01,035,960600,1,1341,+31.450744,-086.909104
01,035,960600,2,1479,+31.376724,-086.777320
01,035,960600,3,1847,+31.423933,-086.949902
01,037,961000,1,828,+33.064003,-086.064360
01,037,961000,2,793,+33.064189,-086.037416
01,037,961000,3,1176,+33.007502,-086.067212
01,037,961000,4,1159,+32.962153,-086.032557
01,037,961100,1,1349,+33.009992,-086.342001
01,037,961100,2,1218,+33.091069,-086.251293
01,037,961100,3,1360,+33.060654,-086.191748
01,037,961200,1,871,+32.886498,-086.218467
01,037,961200,2,1358,+32.875996,-086.078471
01,037,961200,3,779,+32.793317,-086.078905
01,037,961200,4,648,+32.806794,-086.312957
01,039,961600,1,1465,+31.430827,-086.474084
01,039,961600,2,672,+31.415550,-086.443951
01,039,961600,3,820,+31.374182,-086.405760
01,039,961600,4,1176,+31.420042,-086.340443
01,039,961700,1,1635,+31.429987,-086.584663
01,039,961700,2,798,+31.403315,-086.607059
01,039,961700,3,1599,+31.313878,-086.610069
01,039,961800,1,1404,+31.291052,-086.508224
01,039,961800,2,1725,+31.282293,-086.488946
01,039,961900,1,684,+31.300262,-086.459324
01,039,961900,2,1443,+31.277949,-086.466116
01,039,962000,1,1104,+31.339068,-086.459432
01,039,962000,2,1045,+31.334550,-086.473429
01,039,962000,3,928,+31.313131,-086.470228
01,039,962000,4,840,+31.314674,-086.483626
01,039,962100,1,590,+31.321742,-086.493852
01,039,962100,2,1421,+31.312550,-086.499887
01,039,962300,1,935,+31.318933,-086.326227
01,039,962300,2,1409,+31.324162,-086.402534
01,039,962300,3,935,+31.227145,-086.399408
01,039,962400,1,675,+31.311395,-086.214226
01,039,962400,2,750,+31.375836,-086.259095
01,039,962400,3,706,+31.295267,-086.242929
01,039,962400,4,1013,+31.284003,-086.240708
01,039,962500,1,683,+31.293198,-086.260103
01,039,962500,2,841,+31.285217,-086.268921
01,039,962600,1,624,+31.272336,-086.264546
01,039,962600,2,893,+31.273757,-086.278756
01,039,962700,1,890,+31.261999,-086.236048
01,039,962700,2,796,+31.275933,-086.256150
01,039,962800,1,733,+31.216003,-086.243226
01,039,962800,2,1003,+31.224922,-086.308023
01,039,962900,1,779,+31.135260,-086.523101
01,039,962900,2,1067,+31.175830,-086.573885
01,039,963000,1,1184,+31.032586,-086.401265
01,039,963000,2,724,+31.033204,-086.272551
01,039,963000,3,980,+31.007375,-086.333471
01,039,963000,4,796,+31.005271,-086.315640
01,041,963400,1,977,+31.879860,-086.227877
01,041,963400,2,948,+31.911973,-086.300287
01,041,963500,1,1903,+31.948367,-086.372220
01,041,963600,1,1334,+31.787027,-086.365271
01,041,963600,2,1423,+31.696209,-086.299642
01,041,963600,3,423,+31.739526,-086.400779
01,041,963700,1,1755,+31.744998,-086.260873
01,041,963700,2,2054,+31.692241,-086.231703
01,041,963800,1,1681,+31.561522,-086.335322
01,041,963900,1,1408,+31.556352,-086.238145
01,043,964100,1,1851,+34.244493,-086.605870
01,043,964100,2,869,+34.283073,-086.632035
01,043,964100,3,966,+34.281251,-086.558968
01,043,964100,4,838,+34.282672,-086.514200
01,043,964100,5,1058,+34.280973,-086.480970
01,043,964200,1,1484,+34.237916,-086.684549
01,043,964200,2,1358,+34.277143,-086.705801
01,043,964200,3,1235,+34.264979,-086.765588
01,043,964200,4,1236,+34.229190,-086.761114
01,043,964200,5,1145,+34.195986,-086.763710
01,043,964200,6,915,+34.198838,-086.727144
01,043,964300,1,891,+34.240960,-086.857316
01,043,964300,2,1544,+34.277654,-086.873747
01,043,964300,3,1131,+34.245781,-086.831091
01,043,964300,4,1435,+34.288435,-086.803049
01,043,964400,1,2154,+34.246682,-086.916675
01,043,964400,2,1958,+34.280944,-086.955794
01,043,964500,1,1463,+34.239446,-087.008154
01,043,964500,2,984,+34.280824,-087.058169
01,043,964500,3,1733,+34.173682,-087.076593
01,043,964600,1,1819,+34.194497,-086.956666
01,043,964600,2,1136,+34.118289,-086.940939
01,043,964600,3,1052,+34.159828,-087.005591
01,043,964700,1,1463,+34.102231,-086.881450
01,043,964700,2,1029,+34.126135,-086.865008
01,043,964700,3,2151,+34.186064,-086.903712
01,043,964800,1,900,+34.196892,-086.861660
01,043,964800,2,909,+34.182970,-086.856396
01,043,964800,3,1398,+34.180847,-086.865491
01,043,964800,4,1082,+34.176327,-086.852288
01,043,964900,1,2121,+34.204108,-086.816861
01,043,964900,2,1381,+34.221287,-086.863186
01,043,964900,3,630,+34.186700,-086.845366
01,043,964900,4,1037,+34.183565,-086.834315
01,043,964900,5,926,+34.174636,-086.831410
01,043,964900,6,588,+34.169970,-086.814588
01,043,965000,1,762,+34.166914,-086.830664
01,043,965000,2,1361,+34.150811,-086.819466
01,043,965000,3,1112,+34.165331,-086.842754
01,043,965000,4,944,+34.168452,-086.851336
01,043,965000,5,592,+34.167469,-086.858260
01,043,965000,6,1300,+34.147948,-086.844745
01,043,965100,1,1815,+34.130378,-086.783322
01,043,965100,2,1763,+34.107047,-086.814795
01,043,965200,1,1032,+34.111669,-086.729185
01,043,965200,2,1277,+34.160756,-086.741026
01,043,965300,1,1373,+34.166961,-086.612748
01,043,965300,2,1643,+34.197798,-086.621335
01,043,965300,3,1523,+34.131190,-086.675577
01,043,965401,1,1176,+34.058449,-086.822110
01,043,965401,2,2134,+34.070950,-086.775857
01,043,965402,1,1009,+34.065115,-086.737595
01,043,965402,2,1307,+34.057656,-086.761738
01,043,965402,3,1059,+34.026081,-086.738362
01,043,965402,4,814,+33.992979,-086.811462
01,043,965500,1,2272,+34.062603,-086.923908
01,043,965500,2,1854,+34.022805,-086.953469
01,043,965500,3,1505,+33.975933,-086.901995
01,043,965600,1,1001,+34.089876,-087.004172
01,043,965600,2,1256,+34.045571,-087.077878
01,043,965700,1,997,+33.907863,-087.002693
01,043,965700,2,1655,+33.985071,-087.039310
01,045,020000,1,512,+31.367722,-085.712591
01,045,020000,2,2458,+31.352226,-085.717204
01,045,020000,3,1672,+31.336349,-085.724838
01,045,020100,1,895,+31.595108,-085.714314
01,045,020100,2,1746,+31.534500,-085.714611
01,045,020100,3,1182,+31.560585,-085.550466
01,045,020200,1,751,+31.548128,-085.457457
01,045,020200,2,1316,+31.436359,-085.477373
01,045,020300,1,1418,+31.443856,-085.572654
01,045,020300,2,978,+31.387221,-085.576470
01,045,020400,1,1714,+31.484196,-085.624647
01,045,020400,2,828,+31.479738,-085.681306
01,045,020500,1,740,+31.461585,-085.623002
01,045,020500,2,596,+31.449939,-085.625723
01,045,020500,3,713,+31.458508,-085.634483
01,045,020700,1,1270,+31.460216,-085.651285
01,045,020700,2,811,+31.450996,-085.645378
01,045,020700,3,734,+31.441935,-085.639777
01,045,020700,4,703,+31.439814,-085.628305
01,045,020801,1,1447,+31.393798,-085.682605
01,045,020801,2,1914,+31.398953,-085.661015
01,045,020802,1,777,+31.443944,-085.666211
01,045,020802,2,1028,+31.434908,-085.656475
01,045,020802,3,831,+31.404652,-085.617940
01,045,020802,4,835,+31.425055,-085.665636
01,045,020802,5,880,+31.426227,-085.639081
01,045,021101,1,2168,+31.336769,-085.773757
01,045,021101,2,1463,+31.298146,-085.775653
01,045,021101,3,1262,+31.311438,-085.766426
01,045,021102,1,865,+31.300072,-085.726242
01,045,021102,2,1138,+31.313403,-085.717000
01,045,021102,3,906,+31.312790,-085.699516
01,045,021102,4,1478,+31.299140,-085.690675
01,045,021200,1,1556,+31.274918,-085.719595
01,045,021200,2,1140,+31.245795,-085.744738
01,045,021300,1,1169,+31.327536,-085.597052
01,045,021300,2,616,+31.311812,-085.634257
01,045,021300,3,761,+31.310781,-085.545915
01,045,021300,4,1488,+31.270814,-085.524391
01,045,021400,1,1508,+31.348767,-085.480774
01,045,021400,2,1723,+31.317734,-085.492287
01,045,021400,3,854,+31.316870,-085.456644
01,045,021400,4,1407,+31.296967,-085.458038
01,047,956100,1,626,+32.493943,-086.901598
01,047,956100,2,1776,+32.506750,-086.988504
01,047,956100,3,1531,+32.429140,-086.915938
01,047,956100,4,2101,+32.454152,-086.989937
01,047,956100,5,719,+32.627754,-086.935275
01,047,956201,1,1763,+32.432962,-087.111951
01,047,956201,2,787,+32.360285,-087.074807
01,047,956202,1,1478,+32.517876,-087.040681
01,047,956202,2,849,+32.477314,-087.085583
01,047,956300,1,1927,+32.438991,-087.026141
01,047,956300,2,1864,+32.438587,-087.041790
01,047,956400,1,1126,+32.433873,-087.020005
01,047,956400,2,1035,+32.426686,-087.015463
01,047,956400,3,989,+32.418804,-087.018022
01,047,956500,1,1095,+32.409834,-087.000158
01,047,956500,2,553,+32.419147,-087.004676
01,047,956500,3,1431,+32.412791,-087.014525
01,047,956500,4,732,+32.419666,-087.011514
01,047,956600,1,1011,+32.426393,-087.028221
01,047,956600,2,1559,+32.411436,-087.031400
01,047,956600,3,436,+32.408899,-087.025227
01,047,956600,4,805,+32.420134,-087.028013
01,047,956701,1,1855,+32.405417,-087.069612
01,047,956702,1,1602,+32.400770,-087.047689
01,047,956800,1,619,+32.422071,-087.036248
01,047,956800,2,1416,+32.426358,-087.051782
01,047,956800,3,754,+32.418268,-087.057719
01,047,956900,1,860,+32.398548,-087.239161
01,047,956900,2,1255,+32.260344,-087.215146
01,047,956900,3,689,+32.315263,-087.245073
01,047,957000,1,1274,+32.201948,-087.168843
01,047,957100,1,695,+32.284550,-087.028115
01,047,957100,2,650,+32.284099,-086.940944
01,047,957200,1,633,+32.387603,-087.030398
01,047,957200,2,1121,+32.368696,-087.013340
01,047,957300,1,1434,+32.331688,-086.933837
01,047,957300,2,639,+32.370953,-086.999893
01,047,957300,3,1322,+32.349194,-086.970699
01,047,957300,4,809,+32.390499,-087.007817
01,049,960100,1,2287,+34.787982,-085.617686
01,049,960100,2,1023,+34.716587,-085.670651
01,049,960100,3,657,+34.684204,-085.709666
01,049,960100,4,799,+34.745682,-085.600637
01,049,960100,5,1171,+34.666879,-085.654584
01,049,960200,1,1209,+34.637361,-085.753865
01,049,960200,2,1119,+34.586425,-085.713171
01,049,960200,3,1202,+34.628827,-085.709601
01,049,960300,1,1050,+34.575883,-085.813336
01,049,960300,2,1611,+34.539348,-085.839381
01,049,960300,3,1335,+34.533702,-085.901276
01,049,960300,4,1793,+34.491930,-085.876660
01,049,960300,5,1119,+34.508073,-085.851993
01,049,960400,1,1369,+34.544444,-085.750675
01,049,960400,2,2148,+34.514504,-085.785732
01,049,960400,3,921,+34.510655,-085.818676
01,049,960400,4,992,+34.477907,-085.833834
01,049,960400,5,1053,+34.452358,-085.835265
01,049,960500,1,1428,+34.469192,-085.956870
01,049,960500,2,1186,+34.422772,-086.027283
01,049,960500,3,815,+34.430003,-085.953134
01,049,960500,4,1944,+34.421789,-085.905582
01,049,960600,1,1772,+34.354515,-086.079359
01,049,960600,2,1244,+34.318587,-086.047972
01,049,960600,3,1953,+34.363442,-085.988453
01,049,960600,4,1424,+34.345082,-085.927435
01,049,960700,1,2487,+34.287233,-086.030600
01,049,960700,2,3235,+34.260555,-086.081125
01,049,960700,3,1307,+34.272560,-085.991544
01,049,960700,4,1599,+34.217529,-086.045003
01,049,960800,1,869,+34.291496,-085.866343
01,049,960800,2,1177,+34.255382,-085.909034
01,049,960800,3,2452,+34.266954,-085.831328
01,049,960900,1,1027,+34.356894,-085.796512
01,049,960900,2,752,+34.403408,-085.739279
01,049,960900,3,1170,+34.416145,-085.773307
01,049,960900,4,860,+34.424495,-085.745860
01,049,961000,1,744,+34.438916,-085.716088
01,049,961000,2,1590,+34.413837,-085.697443
01,049,961000,3,1580,+34.353416,-085.699901
01,049,961100,1,1080,+34.446366,-085.723020
01,049,961100,2,1114,+34.459353,-085.711617
01,049,961100,3,1064,+34.460699,-085.759157
01,049,961200,1,905,+34.500566,-085.703770
01,049,961200,2,1202,+34.515326,-085.674690
01,049,961300,1,2386,+34.485404,-085.674507
01,049,961300,2,717,+34.455407,-085.702838
01,049,961300,3,1139,+34.447419,-085.712448
01,049,961300,4,895,+34.462487,-085.636371
01,049,961300,5,830,+34.437194,-085.654949
01,049,961400,1,1404,+34.593997,-085.580129
01,049,961400,2,1944,+34.583282,-085.637565
01,049,961400,3,956,+34.536652,-085.572476
01,051,030100,1,1891,+32.643041,-086.318805
01,051,030100,2,1229,+32.690798,-086.371047
01,051,030100,3,2001,+32.602547,-086.307539
01,051,030100,4,4983,+32.587196,-086.339164
01,051,030200,1,858,+32.694462,-086.268521
01,051,030200,2,1293,+32.673704,-086.296491
01,051,030200,3,1322,+32.691882,-086.176599
01,051,030200,4,1284,+32.689748,-086.117342
01,051,030300,1,1231,+32.683539,-085.956822
01,051,030300,2,1233,+32.729724,-085.998800
01,051,030400,1,1193,+32.521406,-085.905477
01,051,030400,2,2173,+32.510528,-086.010116
01,051,030400,3,1437,+32.555296,-085.944057
01,051,030400,4,880,+32.544276,-085.904550
01,051,030400,5,850,+32.591567,-085.915568
01,051,030400,6,1179,+32.572377,-085.929721
01,051,030500,1,1419,+32.659534,-086.025162
01,051,030500,2,1727,+32.607509,-086.016103
01,051,030500,3,1549,+32.627626,-086.075529
01,051,030600,1,2201,+32.570225,-086.181929
01,051,030600,2,1892,+32.584084,-086.211739
01,051,030600,3,2001,+32.618171,-086.186956
01,051,030600,4,1311,+32.598057,-086.125583
01,051,030701,1,2070,+32.471071,-086.156483
01,051,030701,2,4187,+32.462373,-086.107571
01,051,030702,1,2377,+32.509173,-086.185515
01,051,030702,2,1301,+32.538912,-086.110218
01,051,030800,1,1079,+32.524373,-086.209582
01,051,030800,2,1469,+32.543194,-086.212646
01,051,030800,3,1830,+32.549507,-086.230725
01,051,030800,4,1406,+32.594733,-086.265869
01,051,030901,1,3245,+32.561495,-086.397053
01,051,030901,2,2989,+32.536708,-086.380564
01,051,030902,1,1105,+32.550162,-086.327524
01,051,030902,2,1186,+32.561163,-086.308424
01,051,030902,3,1408,+32.533790,-086.356136
01,051,031000,1,3207,+32.494086,-086.378785
01,051,031000,2,3309,+32.516382,-086.389549
01,051,031100,1,883,+32.494942,-086.356820
01,051,031100,2,2371,+32.508447,-086.359828
01,051,031100,3,967,+32.523449,-086.350294
01,051,031200,1,657,+32.508932,-086.313653
01,051,031200,2,1152,+32.501385,-086.340059
01,051,031300,1,1807,+32.448788,-086.407437
01,051,031300,2,954,+32.464445,-086.370125
01,051,031300,3,1207,+32.468294,-086.354751
01,053,969800,1,887,+31.154293,-086.894572
01,053,969800,2,1594,+31.045849,-086.970661
01,053,969800,3,1768,+31.097989,-087.032057
01,053,969800,4,816,+31.087799,-087.051292
01,053,969800,5,890,+31.084780,-087.064970
01,053,969900,1,1536,+31.189343,-087.140567
01,053,969900,2,1290,+31.101636,-087.094360
01,053,969900,3,1535,+31.059964,-087.172096
01,053,970100,1,1204,+31.200852,-087.061818
01,053,970100,2,1946,+31.136894,-087.072004
01,053,970100,3,1366,+31.139947,-087.057521
01,053,970200,1,699,+31.124412,-087.060074
01,053,970200,2,1040,+31.113069,-087.068795
01,053,970300,1,2421,+31.062754,-087.261712
01,053,970300,2,1211,+31.005756,-087.285066
01,053,970400,1,626,+31.211366,-087.397955
01,053,970400,2,2997,+31.155491,-087.457965
01,053,970400,3,2121,+31.128761,-087.545974
01,053,970500,1,1519,+31.081411,-087.480274
01,053,970500,2,946,+31.045235,-087.548643
01,053,970500,3,898,+31.031934,-087.504380
01,053,970500,4,1456,+31.011497,-087.522010
01,053,970600,1,1475,+31.049817,-087.440725
01,053,970600,2,547,+31.035340,-087.485152
01,053,970600,3,655,+31.035522,-087.491868
01,053,970600,4,1358,+31.030471,-087.481892
01,053,970700,1,1314,+31.010875,-087.459116
01,053,970700,2,694,+31.021239,-087.482154
01,053,970700,3,577,+31.016777,-087.491623
01,053,970700,4,933,+31.014720,-087.480210
01,055,000200,1,1100,+34.046499,-085.958202
01,055,000200,2,1411,+34.028854,-085.974041
01,055,000200,3,1149,+34.029843,-085.989369
01,055,000300,1,738,+34.030830,-086.004746
01,055,000300,2,832,+34.020330,-086.006881
01,055,000300,3,1114,+34.025112,-086.016548
01,055,000400,1,768,+34.061903,-086.016982
01,055,000400,2,802,+34.049524,-086.014431
01,055,000400,3,791,+34.041647,-086.003723
01,055,000400,4,806,+34.036343,-086.019955
01,055,000400,5,699,+34.048387,-086.036582
01,055,000500,1,651,+34.032391,-086.041839
01,055,000500,2,1163,+34.026489,-086.052139
01,055,000600,1,550,+34.020879,-086.055095
01,055,000600,2,794,+34.014135,-086.059944
01,055,000600,3,620,+34.015491,-086.065889
01,055,000700,1,620,+34.025589,-086.041820
01,055,000700,2,756,+34.021333,-086.036853
01,055,000800,1,531,+34.021872,-086.023653
01,055,000800,2,558,+34.016286,-086.022836
01,055,000900,1,603,+34.016963,-086.037853
01,055,000900,2,713,+34.003547,-086.051012
01,055,000900,3,597,+33.995351,-086.029529
01,055,000900,4,785,+33.999560,-086.038891
01,055,001000,1,1286,+34.011234,-086.020204
01,055,001100,1,2363,+33.956918,-085.996762
01,055,001100,2,775,+33.977263,-086.017082
01,055,001100,3,1591,+33.963160,-086.027431
01,055,001200,1,1271,+34.014989,-086.010962
01,055,001200,2,1486,+34.006800,-086.014007
01,055,001200,3,789,+33.999425,-086.010887
01,055,001300,1,399,+34.010922,-085.983545
01,055,001300,2,1099,+34.004068,-085.978590
01,055,001300,3,1073,+34.001919,-085.994021
01,055,001600,1,1851,+33.986370,-085.977363
01,055,001600,2,815,+33.982467,-085.981716
01,055,001600,3,858,+33.989596,-085.987063
01,055,001700,1,694,+33.993938,-085.957705
01,055,001700,2,944,+33.973003,-085.954671
01,055,010100,1,1268,+34.059976,-086.066707
01,055,010100,2,791,+34.024563,-086.086429
01,055,010200,1,1636,+33.986804,-086.117707
01,055,010200,2,1071,+34.020095,-086.099351
01,055,010200,3,649,+34.014064,-086.080822
01,055,010200,4,1012,+34.005316,-086.119586
01,055,010200,5,1150,+33.990695,-086.104988
01,055,010300,1,953,+34.050510,-086.122999
01,055,010300,2,656,+34.013048,-086.151956
01,055,010300,3,1309,+33.987525,-086.185741
01,055,010401,1,685,+33.944144,-086.052186
01,055,010401,2,1808,+33.960792,-086.040876
01,055,010401,3,978,+33.974690,-086.042435
01,055,010402,1,2708,+33.951494,-086.075801
01,055,010402,2,2796,+33.915798,-086.070180
01,055,010501,1,1978,+33.928443,-086.011899
